image: csbfloorone.pgm
resolution: 0.050000
origin: [-10.833565, -26.544643, 0.000000]
negate: 0
occupied_thresh: 0.65
free_thresh: 0.196

